7745
2256
9087
3841
7015
3477
7062
3528
8443
7354
9078
8418
1644
4093
2192
6019
7282
9505
9699
8067
7404
3382
4493
7784
3051
3255
1951
4389
4876
9200
6327
873
7617
3558
5661
3355
3064
4173
264
4521
5392
7862
3344
1570
1974
4636
2018
3405
7946
9222
7736
1056
5346
4742
2770
313
8761
2774
7637
5590
1996
4577
9713
4857
6955
7377
9570
4529
4543
7238
1620
3593
8370
5197
5536
4550
7046
6644
7643
2616
9617
3939
9707
1847
2164
5302
8264
9210
7835
5892
8599
5433
6638
751
2065
14
2372
4559
2749
9814
6390
1809
4452
4354
1341
1454
1091
5791
5126
5227
2062
5774
5879
6222
8603
1845
6657
7213
3110
9805
2374
4108
4301
2520
2391
943
6321
1038
2000
4829
4809
2849
2307
4817
5999
6530
6243
5006
7787
1131
2800
6166
448
6625
5057
5948
7140
1450
6279
8182
8116
3090
459
8129
868
7605
9869
238
5324
8661
3763
923
5127
7327
5799
1639
2012
6836
50
3489
3898
128
1673
1857
3272
4434
9140
6276
9090
5091
9453
5181
6713
7989
3659
421
2134
129
4494
824
4574
4532
2981
917
83
3089
7553
9994
6058
7661
5134
8107
8226
2551
4083
3343
9365
5273
8289
5123
9470
6753
9765
9627
9701
5236
7672
1550
753
7558
7918
4477
8594
167
2725
8736
8005
1216
5795
6861
6988
6571
7501
2435
4791
5293
3821
4334
6471
6797
8410
6952
3540
3419
6928
7457
6029
5222
6263
7361
9842
1815
10
5715
2626
6203
8417
4797
7104
4806
1046
3079
393
6374
2960
2463
4
6259
4008
168
9068
5023
4701
4290
3423
3723
2398
5432
5559
7681
6698
7342
8412
4092
1303
6614
7648
2464
9934
2821
1551
7507
798
3759
3351
4089
8760
7399
173
8158
6752
358
8862
9379
7378
1597
7816
6425
7132
3394
7449
9016
5576
4185
2672
1699
8327
4693
8525
1490
9319
8021
5583
7902
157
9012
7994
2345
9987
7170
479
1471
6561
8730
4244
7622
8339
4820
7164
4479
3977
7538
6513
4562
8872
5669
9977
5846
1884
6160
6815
6782
6630
3581
8972
9436
6089
3952
2318
6102
6104
9624
5918
3369
7410
322
647
5727
1605
4889
5671
8257
3082
7817
4344
5166
408
572
5623
3560
9048
8987
9474
8664
1878
5814
5235
6565
164
142
3447
6840
6849
6640
1409
1774
7387
3572
2560
9979
1830
4761
7199
2858
3941
4901
7928
5809
8807
1308
4647
5778
5492
7498
1262
4422
8762
3662
6934
6844
5887
5328
3799
2600
4706
1025
9193
8249
3493
4833
9748
4397
7602
5394
3148
5639
2771
9590
1425
5164
3093
700
8423
8897
9152
8018
3105
263
1122
6741
4473
3849
9860
3876
2202
1219
1036
7445
7754
6294
2221
3802
4772
756
7734
9223
1168
7390
9612
3500
9596
1164
262
750
7116
1926
9225
4844
8006
741
9834
7809
225
2579
5666
7011
5860
1901
6460
5087
6697
8794
6935
4964
131
7740
8914
2135
8199
2455
5543
4617
7800
6486
5274
431
7398
3824
4851
9980
6567
990
8528
5489
579
6128
7801
3548
8349
2287
4314
9703
5686
5428
6223
4209
8571
3370
9889
8654
9440
3908
617
4995
985
1248
2368
3471
2417
9564
9562
5901
8732
2030
9421
8397
121
4843
5343
9155
1050
1820
547
8082
5607
2226
8144
7176
8941
6992
862
1133
5913
2176
4533
8710
70
830
7133
8137
5447
8333
1936
9290
3577
5830
7136
5257
7647
2481
5866
6459
7712
3893
8660
3297
4856
7513
5468
6270
5420
6175
1009
9151
2992
3192
1156
250
137
6997
327
7239
207
4854
8745
3904
488
377
2357
8772
5063
4060
3244
5571
1838
1652
174
1376
8194
1158
5228
7219
1892
2480
4648
5247
2900
6936
169
4931
3
329
6751
5514
5475
9056
5441
7072
5353
8880
4592
3199
5221
4807
9280
2810
4459
8641
6033
4466
5720
8059
5806
8780
3961
3830
7302
6976
6617
2599
3637
3165
141
6803
7864
6248
282
1556
6901
7500
7258
3964
6941
4061
4696
1282
3923
8411
5074
5007
1864
4695
2246
3263
1072
2089
3292
9125
3022
7897
3629
8771
8045
779
7806
1259
7982
7320
1256
3846
5041
8899
6258
5971
2902
5979
1668
7180
4752
4537
1330
1534
4303
8968
9177
7739
2601
5375
2365
8598
1532
5148
3111
2516
8451
2926
9666
8973
7185
1732
8579
1906
7984
309
2927
4424
8500
7481
1716
192
3178
4356
9346
5726
3580
5682
4942
651
9332
6882
8962
1476
7472
7060
2894
2507
5592
1846
8330
9411
5411
498
7735
5734
1118
6505
4492
8811
2698
9819
8312
5872
2166
2546
7435
8315
5160
8132
9930
3080
8693
3533
8801
8422
3613
371
2890
9163
7804
4979
4040
5841
6550
8356
4687
2543
941
8740
2250
417
5404
9879
946
3452
3711
7326
8737
7335
802
5737
1083
986
9973
6905
3905
1014
4828
2762
1628
7907
3015
2348
8372
8187
4332
2218
9575
3966
7905
5748
4045
8587
6895
5562
979
3727
359
9143
8147
6926
7813
6196
6037
7205
3599
4116
8838
2882
6220
2868
2048
3867
4069
8210
1675
963
2253
4267
3925
6684
4268
3814
9314
5865
4644
1244
9131
1604
6383
9385
2023
3538
6063
4664
2940
8853
2490
8448
3642
1202
1883
9644
4993
621
5054
5383
4152
934
7123
9484
3062
321
1035
5909
7329
1141
7626
9257
3083
8964
2872
2504
7969
5870
8733
2825
1347
5205
3055
7728
3817
821
9438
6960
1137
9744
9897
3102
9798
5582
1861
1095
992
8092
8620
7382
4490
4457
2635
7789
3180
1458
4895
3131
8477
6367
5589
7113
3101
4977
7098
7917
9597
2532
9141
9859
3194
7229
1528
6112
6647
6774
6981
44
8269
7938
9312
2169
2388
5112
5570
8836
9896
5128
507
6098
3157
4266
8792
1793
6563
60
3438
9188
612
4880
9638
4672
351
5876
9433
2286
5075
2822
5216
6558
2474
8250
8534
1163
6552
1863
2901
5835
6938
4702
1712
1375
6056
2393
2478
6827
7618
5510
6618
633
6903
9581
1423
7828
4338
7247
9112
7514
1748
7611
8619
6707
8380
7044
7441
7526
6606
8959
2766
3536
438
2778
7161
1214
3476
4102
937
2302
6343
1946
1910
451
8472
7518
6449
4309
4078
467
8681
341
4331
3508
4973
2121
234
117
2423
1835
8111
5533
5788
4271
4654
1002
4584
4555
3635
8602
8127
8434
5598
6591
7770
763
9960
3414
1357
7654
537
9476
7977
575
2643
7218
5082
2879
8775
6450
3186
3990
568
9702
7439
67
122
5135
8947
8174
3106
8112
1969
6632
9447
3938
2719
8150
4798
8030
2456
7870
3690
7056
4448
7103
2523
3403
8960
7963
1607
4197
5478
3901
5036
7281
894
7710
2997
407
2313
3481
8657
476
8589
5179
6467
1435
6418
5725
4536
9901
9063
7685
3428
2160
5925
9170
1678
5946
8480
7519
760
9318
2138
4207
4198
6229
7910
3975
5898
9863
3262
2824
6569
9485
8232
3161
8742
5792
1592
8101
2723
7886
6107
4837
5966
8871
6597
7208
1896
323
723
9967
2761
6430
2862
5028
1275
6349
3098
8753
9106
8128
3760
1794
1687
4147
1582
6943
5101
5486
7043
1254
6814
5342
8764
9948
844
6560
2280
9061
5699
3446
5431
5869
3338
3900
9813
9128
3384
3568
6706
8414
7630
9959
1121
586
6972
7051
1665
6289
4796
2498
188
9533
5581
9884
7802
860
7653
8857
9746
6639
4213
4522
8539
5551
6099
1663
6427
5524
749
6296
9693
6831
5920
7375
5056
2534
1854
4202
8139
5894
7068
89
9122
3801
7138
6338
6718
1087
7396
3512
2363
8778
6722
7534
6838
465
8996
3121
3457
3754
5544
9883
9033
9077
5884
9123
1021
4849
7724
1136
6167
8026
9914
4028
2983
9824
2284
9498
7465
4922
3588
8489
8437
1897
2495
5555
5011
1831
6605
1442
6070
2878
9674
7067
3459
2693
1098
1591
762
9915
9328
2584
2263
9264
8481
4249
3862
3193
86
3042
1945
2276
2728
2140
3589
1169
952
2938
7310
1466
4976
6779
447
2941
4531
7031
6387
6953
9142
4941
4002
2705
5662
8671
3398
8040
685
4096
3219
9943
6958
2695
8643
7582
3587
8362
1924
4279
9062
2257
7676
1795
6306
5881
3819
614
1754
8668
1
4123
7125
9540
5515
8623
5532
4350
2300
901
795
2334
1865
3097
542
9957
8463
56
1772
7343
6111
7592
6758
4774
8207
2985
5816
4118
4444
2299
5738
8195
5378
5446
6204
6466
5708
5152
7386
3650
123
6211
4578
3922
4948
5501
9015
4340
9404
2554
5560
4823
5987
7677
9792
5960
4909
2207
4590
7942
5450
7191
8421
9778
8253
1127
76
5873
2763
2508
82
2760
8707
7771
5211
7539
194
8239
3742
5910
9002
9310
4085
8666
6310
3036
858
3569
3805
149
3426
9129
235
4125
7670
1090
3479
9995
7034
7438
4151
1940
1443
3243
4199
6968
2784
3451
9858
315
1558
2227
3504
4757
7551
9749
1692
1526
5131
4021
2628
310
9432
7074
1292
1720
404
7965
3182
9541
1743
59
5252
3011
6136
1218
8833
6072
5827
3940
267
6900
3432
5183
1367
645
7118
9172
3331
7131
1672
7110
7609
6497
7759
1274
7664
5362
7372
4235
3715
5802
993
232
8171
1358
7084
6589
6195
7934
6679
7578
3285
4694
7776
3154
9252
5466
1250
4722
5526
778
2361
6158
2814
381
6790
7694
2136
2010
8216
9480
223
4913
8375
4442
369
4228
4571
7163
8204
9806
4475
9990
6429
8316
6297
4881
9550
288
5914
5853
46
4181
4158
8827
1402
965
4864
9972
3114
3202
195
1294
26
6494
4192
900
1178
2237
5201
1705
1643
7718
1561
2809
2364
3418
9585
2607
8535
6776
3895
4342
2685
7142
4657
8986
8560
281
2314
7709
2503
9777
3664
3068
3697
8320
5839
2401
9983
2649
7620
1813
7834
7552
3112
4121
8727
5636
4186
8408
8864
432
1524
7434
4926
6474
6066
1972
5401
5352
5
3145
2209
4226
1502
8498
3798
4423
9753
4099
7665
5276
4175
8557
4063
846
2434
6143
7431
4669
7122
8385
3179
8570
7752
6028
9392
1110
2465
3203
8409
1338
6523
7490
2095
3670
3777
5291
8176
8462
8680
920
9472
1766
1544
9758
6269
9911
7488
5541
2613
2518
622
8450
987
9756
6737
2798
6200
6008
9729
1507
6015
4013
4005
9094
3786
6874
8453
3380
5766
808
9799
7032
4842
7426
2820
3592
8716
6290
2251
3651
6181
1230
3951
3807
8618
409
3293
3321
8173
7971
2669
3524
6950
7442
2596
2017
7002
4388
4150
2863
8553
7241
4940
831
6216
9284
5224
2064
4831
466
7656
7628
2767
155
2679
8492
1287
1449
1228
6930
4189
2301
6065
7217
1393
8474
6898
1563
4962
4359
4784
878
9009
4568
2418
4918
5632
791
219
2100
7207
4771
9567
7574
280
9146
9388
7555
7900
1030
7026
6777
7566
6512
5313
866
2205
6097
2240
2673
5923
2298
9235
5062
7525
6457
2188
2853
5294
4959
9708
8678
8574
1057
9082
8581
2269
768
7860
6967
4443
7246
5035
9503
3371
5102
8288
3933
6507
6662
7765
28
214
8183
64
4646
7838
6309
6693
3660
1757
6649
8937
9105
6525
7651
7347
8319
2898
5159
2459
8283
6127
4557
7475
1349
3334
3115
8202
5721
8072
1448
8521
1333
4658
4006
4998
8217
5244
1751
3526
527
3683
7209
8079
6172
7906
2561
6251
6616
7652
7325
574
7844
5312
7853
3362
7532
5153
5702
231
2648
5705
6775
6585
3719
6118
6932
3640
7202
1184
4967
5017
8568
3602
1786
3327
8432
3955
6709
7796
1788
90
6671
9645
9221
1479
3767
6761
6130
6021
4527
2510
9548
4698
3142
306
5307
6964
4073
9259
7939
5095
9455
7956
4032
2565
3223
2946
3921
7257
8262
4838
8683
3844
4019
9283
7363
1238
9572
3877
1488
1676
2945
1885
7696
7896
6954
530
2618
2126
8076
1134
5019
6969
2051
8607
1760
441
4785
2194
101
191
3149
4373
2450
4965
8839
2908
6252
2790
3778
4130
6375
5040
2213
3306
9107
8924
2697
6915
1536
1097
4509
4037
976
1975
3402
3745
9224
6699
6178
1640
4867
7428
7336
348
9372
5595
2640
1648
9762
1253
8133
4171
2260
8770
6595
6873
7941
5812
1106
9045
4278
600
4954
7440
203
998
1329
5369
2881
2602
8656
1180
876
8165
9722
681
4875
2691
9738
9963
2092
9076
2295
5180
2676
2828
5789
8846
698
4435
1392
1609
1032
4635
9622
9158
6623
1797
9556
5587
7005
2336
8016
3839
8115
6701
5973
8652
3396
1493
1345
3437
1096
1812
982
9138
7829
6334
5687
1288
1314
6804
5663
2987
6462
2541
5547
1389
391
2380
9595
4712
5002
7951
9521
6461
8993
2124
5085
9104
1728
4375
7753
2656
3313
6202
4545
6788
1976
3039
1199
6464
4421
4059
814
3147
9741
4582
823
2886
8717
4216
8608
5016
4289
2061
5506
5683
8036
5912
179
6053
2429
1670
8703
4427
4989
3976
449
7055
6337
6556
5443
2378
2769
6904
9060
4055
4759
6799
3462
3366
4440
9292
1727
9552
6839
1290
3158
4269
3214
1318
7719
578
7001
9787
3638
6378
270
3247
7420
4187
4900
16
9874
388
5649
716
8424
3035
8653
9755
9717
7252
1465
61
2351
3702
8621
4660
850
1939
3365
871
4401
3388
1635
7484
7075
8850
7135
8988
6254
2776
9230
4638
2998
3627
8285
9951
9132
1361
8113
237
8069
6906
888
5863
1320
2086
8595
1310
7583
6207
1608
6186
9358
2835
595
8709
495
1403
7215
1808
8558
9677
9576
8744
1916
3515
6633
4225
4946
2713
5363
6443
3896
6171
2914
944
6945
4386
565
1980
1807
587
5232
6156
3340
4620
3495
9958
6881
6318
2170
9711
2444
1159
8203
2877
7228
5488
2991
2792
8213
8926
278
2738
6174
4298
9038
9018
7885
217
856
8466
9296
550
2630
1686
1840
3496
2671
528
6371
2591
6648
4991
9145
1778
5685
2625
9542
7087
1806
1017
3700
813
4783
8600
7706
4819
5847
9723
5712
4372
9396
3775
5301
1866
6135
1394
6420
63
6115
8
5963
7092
8185
7447
3636
1700
8856
436
6176
22
9228
5334
9187
4265
6121
962
2555
8828
2563
5195
1647
8438
9725
1242
3289
2097
9196
6667
3543
9024
7795
1175
6317
6805
8877
7932
5746
4513
4068
298
8376
6660
1372
6897
6937
9043
3707
1113
2796
8354
4805
2661
9724
5270
6975
4957
2595
2566
6328
7050
9013
9715
5805
5834
4025
3278
8479
7704
8956
1059
3411
6521
9397
7981
5448
8697
4320
1419
6151
8806
8308
893
6723
213
9459
7401
3087
8616
9204
265
639
8784
954
38
6601
6416
7437
6139
6241
8429
2720
5523
3544
1064
2614
2838
1874
2308
5953
196
3750
4054
1368
1060
2737
6637
8786
6046
5303
7277
534
5341
4465
4814
2163
1953
8841
6581
8109
1324
9750
5202
8832
1576
3167
184
4628
85
7581
2874
1583
2674
971
1881
2399
4966
573
8121
4985
3721
5423
6300
5783
325
8160
7283
3237
5724
5405
2580
7069
747
7108
2055
3309
8890
2867
1764
9352
4274
8726
6965
7424
3139
7778
9680
9593
6478
1527
3104
9965
4100
3579
4755
2208
5608
1487
6740
8336
9445
1462
4882
8094
3336
687
3914
8655
7619
4868
7037
5711
842
8415
7845
5780
7443
8546
5985
4980
6394
275
1374
104
2694
5928
5983
3948
4276
6919
3806
6125
8404
3936
7957
6480
7485
5577
2620
9042
2937
4968
9437
3968
1765
7111
1140
4458
8126
352
8591
3249
4699
5977
469
1624
7181
6917
9705
8645
5701
9301
6131
3762
5762
7409
347
6909
7014
2529
2171
5648
452
1688
6875
4084
244
6596
8958
6210
3294
7512
3325
1696
8401
5950
4872
5507
3545
5203
5308
640
9954
6064
3465
3232
540
5754
1942
372
1919
5942
1176
1704
710
2293
1093
5121
8624
6363
2460
9256
4778
6876
4886
2312
9742
8927
312
5692
8854
6150
2975
8361
274
5964
1437
3228
3675
3475
8706
363
2143
8845
1542
755
7367
3765
3829
6069
566
5759
9469
1545
7554
5043
5047
1541
367
1207
6109
6087
3200
9892
8146
9687
4583
665
9005
3517
6250
5116
3316
7414
3582
5694
6721
7462
841
5852
9978
5818
8834
5066
3424
5459
6239
7686
362
7684
9544
7038
3123
4841
2443
863
8085
3573
2320
2837
1695
7469
2727
7232
2330
6778
5626
3688
8186
8614
761
809
1651
4780
5772
5798
5192
3152
9684
5522
6153
9941
256
8048
2317
1456
1717
8051
5287
9523
7730
1674
4394
3836
7837
5020
5395
9166
4623
7943
6381
8517
896
7369
500
3779
1531
3466
4245
4456
930
3480
3248
3892
2880
7831
4840
8023
2969
8723
7421
9339
3780
1299
1192
9079
9020
3072
2797
3929
4642
8214
5906
3463
8865
6855
8529
4416
616
677
8665
1173
865
6887
5907
818
9975
1533
2936
8090
7379
8940
9405
2360
334
6465
7370
7805
8000
8518
4327
9338
6982
8266
9822
8983
8953
9837
2090
715
2027
4661
9428
4282
6266
3261
9271
6843
936
5574
1928
2974
1028
743
6159
3485
8360
5723
6658
1257
6780
3018
2801
7659
5896
1404
5239
2093
1353
682
4788
5474
9355
2156
8788
6705
6948
6224
5176
6126
435
5306
3417
4328
2773
9772
3119
8388
6284
6966
6227
3467
3909
3397
8024
5751
8738
4381
2624
261
172
6280
1011
2052
8002
3391
3031
8259
1037
8842
7249
1814
9730
4863
7456
4870
6185
3988
7186
4293
1849
8442
2742
9988
4241
4570
3865
8766
2573
6769
744
8104
9360
558
2083
2289
3290
9212
9769
764
2249
4924
6635
9928
7195
8995
2631
3792
4855
8721
6424
489
6455
1991
8395
6833
836
2906
6543
3753
4914
8936
6980
6312
9633
1041
2214
7200
4312
1530
1034
5198
9486
6747
6384
8669
8172
8326
6496
1741
4275
4530
8930
853
7930
9368
474
3025
2229
2575
6781
6134
2315
9561
6899
4336
7338
8087
3888
1711
2844
4890
8701
9653
2389
7743
3245
3176
8970
9334
8615
8246
9075
3669
1736
8295
3591
65
1982
7130
4795
9716
6060
3733
4367
5368
9216
8613
9011
94
3332
7596
8455
4315
4051
2114
9739
5234
3302
4834
9736
3850
3855
1746
75
2072
5508
4300
2979
1914
4753
4149
6080
9277
5618
7227
2925
8800
7509
5844
3995
5005
9637
324
6719
3224
4450
6918
6083
3395
7737
5010
7499
9236
1572
300
5113
1872
3169
1937
8301
4972
296
1738
1529
4109
7629
7587
1844
6641
5122
711
5013
2548
4750
7042
5591
859
1099
146
9295
707
580
4782
464
9137
981
2128
5858
4191
4464
2950
1911
9803
9134
4850
2869
7585
259
5416
1979
202
5248
1922
924
9700
5034
5895
9650
5763
7468
840
2743
516
5170
7571
2681
2155
966
7284
9293
3889
6910
3731
5718
6472
7264
389
9315
8939
5540
3894
3646
9751
593
4711
5750
7071
6339
3211
2433
9821
2537
9670
3156
3931
5454
643
3935
1694
4425
2071
4115
5736
4715
9709
6062
9381
1933
3190
3978
3918
3146
4220
9279
5269
2944
5086
7924
9371
3835
7595
1525
6546
1190
4607
6470
5905
4049
3378
8244
5820
1413
1798
7155
7234
7403
6821
4727
1713
4168
1302
4652
729
9124
7289
8056
2310
8596
2677
1949
4619
8258
423
8777
7639
7477
913
1900
9269
5494
5242
2403
6612
1656
1135
305
199
5882
797
3910
9527
9808
5223
5398
5051
8609
8352
5464
811
3972
997
3130
6786
5496
9923
5644
4288
6851
6311
4478
444
5545
5319
3134
9231
3159
1497
7349
1569
3001
9849
1522
9771
3859
787
7220
5534
9893
2658
8447
9894
8220
6663
3238
3239
7842
7100
9508
7543
4489
1870
7169
3847
5989
7727
4341
8170
4263
4975
650
9335
3264
3825
1316
7818
8822
4077
151
1553
6344
6754
4126
8387
9211
4934
4739
1590
1984
2195
7166
4690
3986
5861
8894
3989
4553
130
2895
9557
2382
7511
8855
2073
7976
6902
7061
15
9676
1415
2804
5012
615
9490
2220
4524
3184
4534
9981
9871
7146
6818
8774
6664
9309
5810
8922
5260
6526
5350
5825
8984
659
5288
9055
3578
9255
2413
2238
5980
4754
7577
9672
6234
8637
7128
180
7888
7242
4294
5130
4565
2931
3129
6043
9931
2772
9782
178
418
9430
8682
5385
4869
9506
3246
8431
669
1535
4468
1365
3363
5027
5299
410
9136
3949
9260
2161
4787
2409
5615
5509
5842
6756
1243
1491
1552
7417
8977
9733
5600
5845
2359
8840
5163
4369
445
9097
725
395
3605
1997
8475
6095
5400
3470
9218
8465
7154
907
9520
4932
5747
9278
6537
5516
2191
8476
6122
9710
1420
613
1089
5695
6520
3649
3818
2063
8917
5046
5098
2850
6517
637
6423
1855
6822
774
3998
1008
1467
7189
6491
6626
4485
7632
6654
7183
5472
1729
9559
2139
9873
2149
8876
658
9408
9996
9658
6845
5684
4996
3732
7705
1559
6366
7385
6162
1657
2458
9864
3425
9176
912
6406
4556
2328
4649
7471
5089
4418
9791
1221
294
5891
4095
3516
6570
2272
4104
2232
8820
8493
4417
7985
2700
6120
4127
7903
667
2590
6499
6629
556
8904
8317
852
7973
9435
2069
6419
6206
6892
1012
9031
3416
7887
759
7542
1960
3741
6024
4355
3197
1143
5672
885
9876
3698
5156
3525
8787
6577
6584
5875
8625
6152
1877
6615
4017
4848
230
8662
7286
5147
5945
3906
5497
6791
3291
5050
994
7822
3739
8420
5111
8756
5097
3902
733
1206
2425
935
4400
758
9768
9229
2609
7921
7049
4919
2826
6939
4050
9613
857
9656
1587
4474
1932
2505
8130
1475
4010
1515
1715
5935
1796
27
2387
2816
6209
1401
2358
386
9862
9034
205
6711
3324
9565
8168
2499
1281
3092
8746
3866
6012
6106
5237
114
7193
9635
4517
6360
2196
4131
7947
6050
9528
5729
2834
2883
4671
7599
6687
1076
4329
295
6828
111
501
9580
532
1104
3673
2962
7936
2659
9416
6452
553
1826
2526
1146
8201
7266
526
91
461
9868
4552
8350
5585
9827
24
5173
9238
398
9441
2104
6341
3628
7697
2964
7693
7920
1391
5627
2333
2159
6531
5255
7988
69
5919
3029
1499
6389
1698
2415
5039
9623
6238
1970
5889
7698
799
9103
2502
2337
4003
48
3153
9614
6458
7852
1580
8869
4410
2342
4470
6495
4510
4420
3393
6302
9466
9690
9448
6956
7919
683
1366
463
1626
6370
9615
8826
1856
5785
1245
3491
2646
8383
7505
8881
4120
3507
8741
4744
6544
9801
354
5843
6354
3804
657
9608
2340
7808
4491
2245
5262
7356
8909
529
8719
1161
3820
3770
5333
9431
4433
918
8029
106
5167
8982
8019
7018
520
189
1902
6896
3017
9475
2988
7358
5800
7720
239
6559
9171
9133
9543
5931
9847
5295
1204
5554
4380
7244
7876
6984
4729
3216
8901
3845
7785
3603
9932
7248
2578
5483
3840
9681
7911
5958
7579
6729
7311
2475
4786
4866
3596
6408
4242
98
3030
8097
8384
1469
1623
3220
8256
4945
1004
8538
21
8823
8576
7070
6493
4463
8562
6871
2167
4598
3706
9867
4503
9302
4029
2019
5281
4144
5292
3532
7937
8642
7999
5410
3401
9737
1567
4663
2651
5442
7879
6488
953
1222
2087
4810
5388
4438
5256
4044
3612
1167
872
1659
7214
4707
19
8100
5601
5264
3506
5435
2225
62
3047
4210
7680
9961
8403
7054
3643
1817
6324
5380
5495
7747
4515
2241
7416
3863
3212
6929
6987
5418
914
854
8810
8487
3785
5755
9522
8311
7668
4419
7992
2860
9120
7955
7497
9683
6690
2758
8134
8628
5088
6732
8457
2593
7366
7691
1677
6314
738
7337
1411
3013
8167
906
4317
6469
6539
3967
3869
136
4377
1943
8355
2042
899
9004
4792
9135
3718
4745
2265
1938
4441
3783
3056
8075
1666
12
338
7293
9363
7384
8844
1703
9093
1723
3738
4860
6350
8399
2664
5625
2468
2939
3834
8799
1153
2011
908
4363
4650
6579
9840
5177
7407
5597
6308
6734
8088
1055
9993
4004
9233
2805
1721
9192
569
4685
8949
5140
7137
9482
8552
5214
9399
5609
1850
9127
5240
2606
2715
980
6702
9718
6852
8757
9148
2421
8564
4764
3535
8065
6078
138
1496
1354
2721
5178
4741
8781
4544
4319
2644
2303
5470
4143
4431
6071
9375
8459
3373
8739
439
9574
4865
5171
6197
2446
4026
9243
9095
5318
2741
276
1685
3776
5664
3381
5169
4987
6453
5079
4156
7177
5934
7024
2488
6332
3585
7673
1293
4145
8009
8509
3505
5696
5635
5689
2915
3708
9111
6463
307
5071
1172
2321
5119
2757
2553
2206
9558
7371
8963
2370
2489
5217
4994
9266
7701
2496
415
5558
4053
4358
607
9450
4273
7418
9096
7922
3189
1931
9956
4253
632
3564
3295
4232
1619
9589
2794
1517
6386
6154
599
3709
1405
7466
2088
5493
8052
7364
5366
668
1737
3333
251
206
6086
1145
7878
5151
2836
6395
5962
6971
2200
7317
3117
812
7360
2663
396
1562
3259
1999
4997
9817
6026
9489
2982
9424
3253
3853
8554
9263
6315
8997
5311
3555
1509
2572
1399
7487
6084
9512
6911
1989
3408
5340
4323
2634
6603
5437
6283
3645
2840
1455
6604
7839
135
1418
4688
1508
7881
1020
7344
8713
3553
1084
4716
9875
8908
9273
6190
8242
4573
8124
6912
6194
3631
5049
660
5141
9173
3704
5986
7099
8639
8588
2445
5348
2047
9336
1848
5674
3205
5731
1311
6221
1414
5744
8300
9464
9456
1024
2517
6712
737
7825
4219
2684
4546
1770
4734
9313
5133
1511
8396
8952
9731
2335
6482
9618
4827
8633
1249
3241
6566
8218
4981
1485
8080
5546
875
9468
1822
7315
6735
4195
7334
4862
9828
3168
8177
1967
7078
2259
6164
272
3346
8033
1777
7565
1317
6749
4622
3890
4484
4793
8795
6869
9668
9761
287
4248
2273
1116
1103
9119
6044
1052
2833
7047
3177
8473
481
4916
7544
8752
8084
922
1818
9190
4071
9121
6265
1066
2967
3137
8805
4535
3009
9258
1203
8948
6924
7201
5908
6473
6397
2419
3872
1810
6413
8685
1129
9984
403
5803
4943
5367
379
8497
8331
8373
3227
519
3124
588
5193
2500
1015
9780
7883
5498
2905
2068
7874
7448
2290
8942
9316
825
2108
4366
2377
5004
1811
43
3427
3703
9649
1615
97
7365
7276
5525
5808
9291
5414
5337
3891
3113
6678
972
8950
5984
4952
8303
5761
5713
6696
5655
3273
533
3095
3874
3221
7717
3797
8999
7203
6785
9446
4970
8573
6883
3407
2621
3150
2476
2527
6117
2959
4677
6500
8524
9039
4081
5321
4447
3887
246
4697
6685
1225
3138
9113
1992
5657
2588
2254
3195
400
6451
3713
7750
5502
2954
2483
7368
9241
3125
8675
3676
460
5926
4596
9654
3120
9511
4284
5965
7923
4362
7715
2494
8868
7204
382
775
6858
5110
7225
6201
1200
7480
7669
1335
1734
7295
5733
1058
3164
5009
7231
3442
9386
6342
5225
4291
1269
2203
7755
2094
4250
9
5094
9051
9092
4519
2653
5659
6003
1112
2277
5819
9426
7530
807
5267
5048
3472
9577
8575
2861
4088
4670
6927
7504
77
6189
5449
4164
57
3980
9553
8878
1482
4733
8390
6933
8237
6963
5855
5849
3816
470
1407
3175
3563
2582
2811
368
7690
1837
7775
2439
4009
1909
8248
9483
3322
4703
8103
7725
539
1804
5680
4001
8981
3436
9028
9660
8191
9851
5610
6149
7830
6870
5364
2484
7841
7819
766
6622
7331
442
492
7102
3899
9502
8590
8559
2146
6435
7165
9912
5630
25
5030
2690
9047
5650
7707
2668
2783
6877
3912
6403
9507
3207
4247
9461
5688
2080
2864
4310
8818
8193
7345
7674
5517
5677
3794
126
1260
4594
8212
4892
1074
9098
6042
6973
406
6998
6529
2832
8938
8511
6272
5330
7848
6659
5693
5675
2107
4205
7178
100
2032
6364
9326
5573
9412
5412
7763
4018
767
6716
869
3751
9245
7008
9182
3162
7621
3954
4439
7564
8323
4368
9206
6006
1752
3852
5542
5058
1839
3943
9287
5108
653
7048
2228
5904
8053
6959
7017
2039
2956
7028
4462
3469
3618
4022
7300
3992
8843
4713
4014
7380
8567
2739
7196
6680
5970
3335
7436
3757
4227
1573
7663
9793
8161
7591
792
6075
9417
6057
1555
699
66
2531
2420
9294
604
9643
4665
5283
4236
3944
646
3389
5499
709
9007
3053
5823
9044
2440
68
1578
8919
9665
4775
2973
4930
826
5936
6613
7645
7872
684
6295
5212
1973
5413
1987
6536
3886
5145
9373
5129
2424
1681
1300
9936
5196
5927
9298
2015
1565
7255
1054
8831
9451
3932
2934
2002
7041
1307
5679
7190
7197
9830
8974
1427
7857
3218
2968
7960
2702
5220
1079
6792
8969
8454
3598
3077
2843
8689
4480
9966
3522
1599
8353
5941
3764
2329
7869
3870
889
7975
879
2235
8468
5760
2665
3666
7085
2552
7159
8223
9857
6547
3654
462
9795
253
6767
2857
1742
8663
4627
4348
3518
9462
960
9526
2655
2972
8961
9384
6865
1618
9846
882
9067
9070
609
9784
4929
4277
5503
8650
8501
2127
3269
606
1755
8674
4015
8345
4281
3005
34
2755
339
1862
7057
7273
4978
8419
8108
6320
4256
6634
8791
8565
1319
9167
9530
224
8329
1212
4429
6145
3431
9307
2812
8484
4390
3014
356
8086
5790
4815
9449
2627
8967
6446
1213
3694
5707
5372
4136
240
176
3793
3065
9035
2075
3375
2405
8747
4322
1241
4056
5801
2111
2296
6039
1758
6096
4634
143
1921
499
4879
1771
909
2692
4915
3231
1650
7260
3784
735
5014
6076
7944
7748
1291
6271
3996
7858
5917
7309
7268
1051
4603
6079
7318
1359
1543
1577
6970
4395
522
3390
1255
752
1539
345
3838
8965
3453
8991
9248
6802
7400
5093
1352
7702
2745
5457
201
9619
620
1489
7150
8611
9789
3756
80
6132
9628
2130
961
4953
4547
2933
9406
3061
8270
4790
6368
1457
6253
9935
9234
2099
1205
2870
2442
1422
6931
9767
355
3712
2851
1355
1336
2666
4645
3458
4415
8247
9183
6669
5407
6379
1266
602
8120
1917
8425
5605
6124
4538
6607
9366
4944
769
8261
2847
5309
5272
6808
6103
6129
2255
7112
9059
3665
1776
6448
3930
2913
8537
6081
9198
9818
7914
9321
2948
6846
4668
4710
4616
4861
6768
5794
608
9303
2892
6880
9804
3748
4412
9407
2855
5230
8291
7143
3308
8569
9926
7148
7894
7527
1801
2212
2920
7545
3210
7425
9186
1827
7636
6675
8720
8240
5826
4203
5991
4572
8156
8268
1187
6454
9414
51
5952
3639
5076
5930
1018
969
5001
3280
7968
9694
6487
6244
5611
2678
3038
3800
8921
6518
2977
8634
7929
4779
5354
701
4119
8829
2275
8749
3054
9786
5452
3282
9340
2367
6771
8078
564
5184
8617
4313
4933
7423
955
4839
9185
4307
357
9275
6677
1957
806
4111
7851
8430
2545
3916
8314
2049
6974
8200
847
4379
1284
9815
9534
7756
1155
6704
5553
8750
4166
4871
8696
6093
5932
2686
1201
5115
1622
7237
4777
2636
8900
9953
5990
210
7006
5064
7492
4803
7865
5335
2158
4765
7662
4113
2903
4908
1027
2750
4621
7531
1043
5556
557
9425
9064
9374
8061
8234
7053
819
1337
3720
8310
4751
7187
3339
7916
1436
9952
4836
5150
1934
3251
9164
2707
6141
4501
4576
236
691
9856
2842
4124
7635
5208
1610
1396
7269
545
3868
9268
8309
7601
424
8735
7025
2056
2438
6105
5229
9679
4132
2726
8162
4214
585
4905
7109
6256
471
8386
9239
4110
7083
6504
8292
2525
5417
4629
2219
1589
582
9325
6957
546
5593
9913
285
950
973
229
8070
611
8954
6600
4756
7412
9194
2734
6813
8293
3677
5596
7272
796
2703
92
1421
4618
4453
8504
6609
3450
3163
226
3529
6772
1277
714
8797
7843
5080
1486
9139
5029
4007
4605
555
551
3066
9639
6192
9895
5476
1538
99
1503
7995
3897
3509
8572
6013
6361
9297
9691
8471
9376
1769
8731
8393
440
7600
1369
7812
290
8057
7649
3851
8374
9735
2740
6599
8491
6999
3483
4270
8677
7634
2781
789
7840
353
1373
9209
3415
849
8280
6611
7157
7316
7121
4107
861
5505
3583
9648
1044
2113
7460
567
9409
1722
6742
8357
1955
3808
2598
5245
3020
9759
9250
1966
252
2376
8837
8379
9130
5717
8324
594
8131
9704
877
8118
7086
6014
8398
2645
6123
2354
7090
6891
1296
8542
5678
7236
7560
7455
8077
5463
7615
3058
2031
6445
9831
162
3772
1062
8506
5837
5092
9181
5389
5430
3372
2431
3033
5426
9611
7021
4800
783
6237
5617
9353
1782
4481
5654
7692
4351
9156
4600
7861
785
4146
5473
4066
4240
5877
9770
730
4091
2411
9880
9870
6643
2923
7854
4845
6373
7625
9008
1470
2759
8243
4437
8062
7422
6398
4725
4067
2477
6011
5003
3693
3256
5815
4139
4891
3287
1611
4564
3298
5954
2165
4043
2059
7308
9950
187
1706
3672
9947
3141
5444
9779
9861
7030
3318
3188
8507
1100
6163
5868
7332
7954
7052
3326
8222
6004
6236
7288
6578
5073
1805
8582
5305
6993
5612
6994
8347
6142
4735
3671
7863
1197
4935
9515
887
283
5614
642
1268
2522
9001
7688
1086
7192
4873
5653
6847
3503
5268
6274
6173
181
6820
1126
1519
5059
964
2041
3796
2101
3279
7319
6743
4505
1474
9833
8154
3674
33
3546
4748
9916
3725
2384
6923
1239
9740
7027
5700
6035
890
1232
2323
626
365
4326
4399
7731
3875
1416
2416
4587
8099
4512
672
93
1321
5922
7262
8105
2921
1852
8494
7107
1356
6187
4208
9686
7013
9347
7294
6193
1689
4212
5162
7156
4117
9288
7402
7198
8496
1962
673
1641
9688
7780
9046
9554
8039
6358
3610
6068
3046
597
4726
4398
9529
5249
740
4218
3226
6433
4912
2765
4956
5658
5568
4258
1920
9942
7767
8651
3133
2775
1107
2174
3265
1923
7638
8724
9955
4472
5325
5569
5429
3871
9267
8192
2779
2414
9081
4311
1579
2696
552
3657
9727
5185
8208
9721
1162
158
5083
2562
4129
3084
4406
4137
9992
8889
3947
3815
2046
7683
999
8439
9675
9588
3960
5874
8305
8025
5940
5467
4960
2137
7873
1661
7732
6668
3474
2007
3478
8302
6766
6942
3420
956
6051
7091
9866
5787
8325
1196
183
399
1472
9226
8047
8458
2366
7322
5697
3043
7535
3135
6022
5351
4746
7814
3094
5336
4486
5616
3695
1726
3277
2123
1344
2037
4023
1684
4105
2006
8536
4595
7230
4194
9918
4280
4528
5764
7182
1016
1560
4684
9114
7129
7757
6092
8267
6602
9651
5706
257
8196
8307
6582
7352
6528
8071
9213
8178
5690
2341
8089
4799
7171
6048
5951
4951
2808
9369
2181
8446
1049
9088
3037
8773
4497
661
5698
8508
2567
3574
1019
3274
3609
8605
9888
1959
2932
3539
5603
9329
8034
7769
3299
6770
4179
3833
3337
218
1876
9692
3542
6508
1483
8341
7298
1829
2735
6030
7580
3985
5857
2604
11
5323
8715
182
3063
6292
360
8461
8358
6532
3837
5154
3311
628
4655
5286
160
7908
9382
3081
3276
5967
8351
5482
6400
9539
9625
3991
3454
185
680
8629
4969
8659
910
5741
8638
8063
8219
1240
4184
7351
140
5629
2515
419
9227
42
8849
6319
2912
7540
3217
2848
2654
5660
9058
54
5856
4382
221
3004
8540
1669
4566
5782
2224
7126
5175
1495
8260
8903
9678
273
5969
7306
1912
1913
147
8049
3315
7494
974
9788
6262
2530
3684
5338
5681
6586
2053
8485
549
4252
4896
2082
8046
9487
7723
5956
2324
7022
2976
4058
6077
7194
9609
3044
9783
5424
5469
7589
2984
1785
3730
9202
1971
5379
4516
1779
4374
3679
9747
5317
2708
4824
6421
6059
2184
7427
8798
5929
3547
926
7240
6724
1235
525
7666
7066
3144
3151
6562
1022
9924
7781
7
2569
8966
1658
3541
6868
2559
7020
9481
3803
1546
9641
3994
6277
3981
4609
4140
8699
8452
3625
289
5836
8032
6161
6576
786
839
5142
5008
2150
3073
4211
8785
7340
8096
2958
5282
6720
5564
9591
9657
3440
5512
2076
7567
3461
8793
9220
5218
7983
6168
5773
3965
3811
1350
6759
8630
3026
745
9439
5408
9191
5779
7915
9380
1879
1289
8530
4591
945
1132
686
5716
1787
2594
8902
7950
7847
6322
9579
4563
601
9203
7850
7474
7657
6863
1001
7292
1125
2009
676
9719
1111
4308
1382
2145
5972
5643
3266
3788
6245
1954
6380
8804
8584
4678
7783
9927
1447
3288
3620
1246
1802
2875
8648
4402
2802
9525
8426
2899
193
9974
1171
5393
5982
8166
7940
9054
625
2016
5345
5897
478
8879
1194
2856
2162
4370
8796
780
9180
5885
1328
5329
1905
4911
1224
7463
670
7572
4324
3109
9917
148
3962
8955
8225
6850
7076
1279
2383
3604
6666
6335
2744
5339
6989
7275
6620
7290
7935
4691
6165
2710
5024
1630
6369
7547
3301
2305
6961
320
311
897
29
5947
9698
4042
1120
6514
8382
2935
7279
7967
4385
1730
9184
603
394
9850
5165
8503
9207
303
346
6304
7524
2689
8377
7603
2132
468
5813
505
483
2066
6688
4986
7267
6414
1183
3521
9343
5186
9886
2210
6303
7162
3376
8490
9351
2182
3831
17
9169
6313
6610
6594
7856
1460
3185
728
9395
7575
8074
4770
3484
412
7517
8391
7606
623
3024
7394
2294
1280
13
9149
1209
2231
1463
8945
3714
911
6246
1724
1762
5651
4122
9603
2501
4082
1907
1636
776
4426
200
6510
4526
2513
6184
3728
3928
5314
7134
8789
8555
7576
559
2841
4830
9030
4907
1702
8815
3460
5461
1332
5622
8031
9021
5673
576
3412
4161
2978
2910
7970
5440
8486
1429
7689
5976
2637
655
7453
5915
5233
851
8153
32
3667
5578
5804
5090
5859
1602
4404
1191
392
1383
7040
5548
1986
7877
4514
8215
1735
5157
8670
5893
6032
1882
2746
3623
6748
5231
1968
9504
605
490
848
7081
2680
835
1186
3979
8188
4262
5015
4072
8224
4163
3049
6534
453
4853
2831
1537
9493
2038
8275
5676
6627
8044
9274
2947
4106
5911
514
8989
6018
4353
5365
4589
5975
9348
4407
5786
1226
5427
8673
8245
9910
6809
4506
7866
5937
6717
7408
1047
2999
3562
6738
9085
5206
2793
7884
2112
3984
5462
6832
9217
7890
4858
6553
5781
1773
7678
4204
1298
4376
6856
9809
6783
4360
9304
5586
9391
5360
7811
7584
2564
5099
8819
1265
7035
4034
817
7446
6249
9499
8400
2050
3126
5550
4599
8366
9362
8563
2035
1208
4000
8636
3724
3410
3691
7597
8499
2733
4925
6287
6913
9072
8142
299
1431
7153
1078
6440
6475
4984
7521
3421
6542
5189
9825
2233
154
5204
517
4357
8233
186
988
2897
8163
3832
5538
4921
8802
7141
1236
9659
2603
53
793
4520
8705
2807
9089
6235
3963
5968
9306
5358
6773
6806
8444
1781
8012
1071
3143
7064
333
1073
9933
1453
8934
3166
8985
5831
3687
8227
1315
921
3008
7341
4721
678
2028
3019
1568
9341
9939
1598
3181
3319
5190
7058
6572
4098
2178
5275
3230
5194
1234
1584
3329
6340
9144
3441
4897
7179
5332
9945
1744
706
5320
8814
8583
1842
1426
7211
3464
820
8597
8365
2306
5296
9066
4487
3085
3842
4731
5993
9573
6710
4446
2662
1733
731
9667
8932
159
7432
3885
7312
512
18
3615
5776
8892
805
6708
1873
8050
7867
3358
5521
7388
8058
2966
8626
9524
4346
2711
8197
8550
1233
1480
2521
6157
2109
5511
1918
2512
5988
9496
8321
9682
3392
7483
375
5397
9084
3884
3060
9734
9150
1956
5415
6198
4305
4950
7516
9389
4011
2454
2714
7826
5187
8322
2557
8241
4239
5620
6755
1478
7097
8055
8548
3439
3128
7559
8010
7395
7650
1424
7523
1109
3497
1571
2574
8022
2638
3878
4297
3934
3235
3444
7405
2347
6020
9410
843
3501
1085
3854
5067
4700
4958
3809
2469
2142
6944
571
9050
35
9563
4174
2642
9246
3122
3075
7114
1278
708
895
8884
1306
4079
4349
5213
2327
3559
7297
9970
8175
4221
3434
7223
4449
2173
6442
5817
2085
9600
9467
6214
2244
2242
2014
6866
6789
2632
9968
9696
2538
9852
7640
915
349
7953
4165
9429
7158
4316
2252
7833
5519
7522
5670
3328
7760
4090
7962
4802
4451
4539
2157
5880
58
3857
1880
3566
5361
4894
9843
6763
7212
2965
6047
9080
2258
3534
4680
3773
7658
5026
1780
3658
7633
3685
5032
8276
6336
5300
6353
4217
9816
2942
7271
5563
6281
855
84
5530
8433
1386
1617
2909
5602
4542
3488
8043
692
7256
9555
5471
8944
2430
4762
5018
170
7482
3551
3059
1464
6656
1151
9458
845
8640
9697
1983
7562
7305
2282
3747
9434
4961
4737
5691
7820
3668
4016
1295
5944
9345
951
7550
5606
5604
2183
2153
2394
1388
870
7799
8860
4949
8694
6744
4384
2699
4883
7167
4224
3323
1459
4057
8263
9488
5594
6219
7793
9583
9086
8971
1144
5355
523
103
5992
7452
6801
2949
4732
9040
2819
591
5425
671
8684
8416
1152
8135
2970
2768
1229
8975
8547
6232
3787
6867
8470
5513
4773
8918
5994
6574
2829
2247
7096
7003
2180
2449
8692
8816
9027
9418
9546
3597
7695
6040
9602
2288
340
4333
208
8990
5210
30
9465
2353
5439
7520
6580
9854
6983
2304
4874
6540
8445
9944
5077
4822
3486
9604
6864
2267
1195
4047
8916
9592
1714
8622
5061
3201
6990
9041
5921
3958
2729
5138
968
7175
6592
867
5144
6148
9208
2619
6985
9420
7495
5391
2547
3304
9305
6691
7821
8994
4704
5238
9536
3514
8586
6890
9885
9920
7912
5899
5265
8206
4705
4747
1833
2730
3429
9752
9000
2077
2473
9998
1708
9535
2211
4551
9215
7221
3686
4982
6503
5072
8522
6242
1697
7245
8527
8790
437
2291
2199
8976
6404
929
5580
2344
3347
6646
9551
1360
5381
1504
2168
2815
6325
8515
8502
9671
1331
6893
2325
3404
5376
6764
7773
9083
243
4251
8593
8874
1631
480
627
4233
8859
3530
6217
3330
1088
1858
8763
9422
384
2044
6133
995
4230
3653
6492
6399
3557
6391
898
5331
2198
2385
2412
6082
1406
5277
6922
5933
9219
2204
4525
8980
4511
8514
5749
6795
4391
5793
7608
9810
7301
2957
5645
2274
3927
1941
328
6551
9071
3108
7243
9909
6291
5756
2687
2585
475
5403
4597
5052
5359
3368
1410
4743
1484
1614
8883
511
5631
5172
3275
4408
23
7623
2022
5373
5104
6862
3982
37
884
7546
561
5528
366
4196
1130
335
7746
2528
781
3400
9272
1446
7898
7788
6951
6682
5552
1297
8885
1417
8755
3359
2189
3456
1006
521
9214
9311
5974
260
6884
2963
8251
1586
1343
156
8483
8001
3174
6489
8929
1276
7023
904
8898
8371
4169
6798
2540
4097
6247
4036
2961
8304
5261
2652
8896
1993
746
2422
133
5182
6859
5867
8152
739
5886
2846
6670
4283
9545
3041
5719
2369
429
7528
7721
6090
8543
6
3028
3233
9168
722
3007
4155
4906
1440
9925
618
1075
7889
2362
2871
1117
6278
5484
9444
771
326
5871
1903
5566
6401
697
6054
8073
4500
7779
5031
5487
4760
5081
6477
7506
3310
2322
804
7986
8852
5143
3136
1157
3699
2550
7206
7931
7145
535
6807
7459
139
3352
4789
9394
6260
5757
3584
1958
6787
7088
113
8064
1816
3074
9646
7893
2709
6017
8512
9036
3050
9986
6031
8035
8014
9249
2586
9387
9510
5253
9497
3103
6498
1364
7708
3550
1223
2592
5518
2408
1193
308
3000
7429
3678
9764
284
4272
9118
7991
337
2152
2873
1691
4632
5864
116
5961
6016
3937
227
9662
7786
4343
8252
2706
1334
286
2952
1557
9501
9165
6365
6949
6650
2319
6860
5136
6228
4615
9820
9532
2951
1149
4046
1585
6177
4673
6515
5862
1092
983
8895
6715
3383
4612
6872
4238
1888
1379
630
1477
7627
7700
5752
688
8505
5704
3303
3959
2806
336
8143
3696
4052
5527
4141
5491
1179
9599
7642
3680
8313
316
1693
7761
2577
9929
7588
7355
6422
3236
9403
3040
1305
7998
4409
36
1081
6628
1400
6388
4826
9157
1554
9976
8612
1070
9773
2854
7339
8768
4128
8180
8254
6045
2004
9463
6316
3617
5387
6812
7972
2511
4720
4133
8649
3443
1154
2524
5477
4723
1080
7798
6745
6041
8510
73
8935
8364
2029
2177
8229
7777
3270
8406
1412
108
4065
9053
6811
112
7537
8068
7594
7926
7541
757
485
8495
7016
9006
984
5572
2217
2813
5191
1033
654
4675
7415
9969
5840
2096
3196
560
6301
3487
1385
6275
2571
9091
7473
3350
8912
7444
8119
7855
8813
5807
5371
508
6357
9626
4893
3993
4923
7711
7764
7909
330
5155
4887
6331
8532
1891
7496
6714
1944
9594
1082
2704
2891
7846
635
6393
7383
247
7063
8979
6796
3342
9997
2187
4188
1348
9378
7222
9308
2131
7450
822
8020
9175
8646
8519
4846
1513
4321
4580
8825
5996
9999
4813
2120
7948
3624
6483
1384
1646
7749
8378
4904
2753
3570
4062
8888
7738
2612
3445
7590
1340
3374
6819
7303
3953
5850
4259
5377
7280
1843
8782
3813
6564
3510
3208
8469
3091
5758
9032
9904
5771
7679
7210
6681
6001
3761
2461
5284
9357
7892
6323
563
7610
8342
491
1181
7880
3594
629
8140
7895
2633
1520
3827
5226
4176
1547
8221
4736
3107
88
2373
8779
6695
3735
7270
6841
1821
5096
6826
4686
7631
6996
2074
3626
2339
9841
5349
8644
9330
1627
6878
9261
8004
6346
8297
4927
7978
6549
6947
376
7117
6100
9049
9921
8488
1005
7568
6362
6191
6359
5998
1042
2036
9616
9099
8943
5399
6857
5619
177
2980
3663
7101
6683
5854
8863
2110
4243
343
7875
4847
7624
1588
118
9500
1654
8551
4024
3600
9419
3250
2186
3003
3682
8714
9547
3567
1792
292
8277
7263
110
9494
9519
8870
5742
2830
9845
6524
5938
8751
1270
3641
1285
9636
2486
5765
1481
1925
5025
9342
7952
6411
3354
2930
1518
721
5822
8920
3183
8441
9726
2722
7797
6490
2034
8117
9237
7827
8306
81
8928
249
4637
902
8238
5567
2780
3969
7019
3225
8734
1761
6305
8054
3069
4087
95
9946
1988
1667
7549
2536
1505
6645
6940
7766
2533
2003
7774
1875
9881
3455
8691
9743
6067
3520
102
9712
1904
664
233
5714
9350
228
3012
4653
3716
3633
279
9732
4396
4767
4237
624
1629
7406
4414
3537
5797
5207
1444
6179
7373
1747
1007
8114
380
8604
7722
1438
8110
6038
8141
6286
9323
7314
5924
9025
7152
7478
2147
1381
8231
7949
8911
4659
9664
9052
8440
6426
150
2406
3957
1119
6479
7612
5722
9620
4304
837
40
7667
5107
5322
6009
2924
8091
6444
8337
1616
9359
9423
652
7397
1963
4567
1013
2281
8688
8861
166
171
8516
3305
2747
8812
4330
5584
5668
9887
3843
3258
3361
6760
6545
9065
6794
4285
5647
5504
209
9757
7147
7979
8282
790
4884
163
5315
583
510
3067
5078
9812
7224
4387
4295
4898
6061
7927
675
5539
1101
291
3267
45
1853
1434
9549
3257
254
562
6347
3345
970
581
7729
4339
9109
4499
5479
6823
754
6979
9695
2129
6180
8610
5250
5200
9197
5740
7004
4335
5743
2884
5000
7029
4992
6516
636
8886
6094
7726
9601
772
5022
8460
215
694
7713
3768
2432
7010
905
5480
4586
2893
6557
5278
7807
656
4306
2667
975
5485
9327
74
1273
6608
8435
3942
3999
1492
9457
1227
8464
2386
8545
7533
6842
8923
6920
1690
9324
9908
6169
6793
2493
1301
9349
784
5137
8428
2045
7987
2839
8456
5279
9982
9531
2043
4135
8368
144
6652
6588
996
9903
8290
6402
9794
1351
1731
3746
724
9706
1026
3644
4020
6257
1378
271
3810
6946
9492
6432
9560
6025
3634
1045
4938
1929
493
7515
2175
6114
8274
7964
5753
3997
9116
41
7613
220
2716
1327
7832
8060
1594
5832
6700
3172
9584
2332
5149
541
2447
3722
4162
1304
874
4983
4154
4558
5033
2118
3140
4928
6730
6108
9300
4877
4740
4461
8848
4170
8405
3435
3240
6074
9607
2583
1182
6509
7304
6886
8824
6034
2402
7357
880
6407
8318
127
2491
5258
1869
5599
2103
8228
7106
9281
8081
2576
4114
8647
2248
7393
4689
9516
3983
9836
9991
1312
8338
6027
9971
5824
4821
5105
7974
9117
2040
9240
6447
3607
8011
9989
8601
5037
4012
119
4947
3171
5634
2283
7172
7993
6879
4035
7139
7149
833
4030
7899
1371
7461
1634
9495
6396
8236
3379
297
3619
5243
8687
4579
1682
720
1871
1124
5386
1898
3494
3823
2466
9714
2955
5903
9586
6986
6233
6348
9632
4177
8606
5770
3296
5735
674
9720
1397
6273
269
7144
1783
5055
5451
1105
5828
6830
8712
7226
3565
9754
2818
3222
6231
6356
9796
6218
422
4413
2876
3307
8098
6555
3744
7188
1094
71
4818
6101
1139
4588
8957
3611
7882
8427
3448
8164
3705
458
132
3812
5838
7467
8028
8042
4768
8038
7077
2190
9642
5638
7990
4157
222
4758
4988
3632
5703
416
7790
4832
8273
107
165
3016
6485
293
939
1548
705
1749
732
1309
9398
2462
5445
3781
5579
1915
9605
1494
6298
6116
8632
3946
8951
1069
8676
8211
4507
5642
4593
9460
9491
2506
6548
7451
7904
2888
9370
3606
3160
3048
7961
7115
4730
8299
6894
8905
9367
3919
411
554
2683
6468
7120
2639
482
2400
3726
6264
2392
3002
7699
8915
6147
1710
8695
9115
7036
8255
1123
314
1886
1709
9232
919
2789
3353
248
1390
959
3317
9882
690
1791
8759
1825
5438
9669
5641
434
4631
8332
1642
5640
2852
7009
1506
8148
7392
79
4180
5784
7823
5271
1067
2
8381
255
2756
204
7794
8513
1461
8702
350
4064
957
6377
6412
7510
9629
3848
6921
3856
8767
4939
5419
5396
1473
4246
7644
8083
9160
4681
5633
6299
8978
3213
3608
318
2787
4630
6225
7059
5188
109
3229
2404
9661
6925
3752
8478
8672
4445
9333
6587
9919
4371
2904
9898
9454
6282
6750
4454
2264
2058
4257
6762
3473
788
5549
6731
4508
5767
301
5347
2736
1606
596
405
5065
538
3198
6055
2117
8803
8873
4337
6208
4378
1323
978
7489
4027
6977
4714
4990
9582
9478
2917
9949
9344
6703
1231
6746
3052
8748
7168
3621
8549
8041
1217
2688
6533
4804
2271
7307
1645
4411
1160
4347
5652
2193
9839
6329
6914
397
958
8279
2279
2309
5710
9745
1998
3737
6000
4549
6834
9413
3974
4286
5053
1725
2122
2803
8754
6199
9247
5455
7733
9477
5978
8561
3492
4902
5132
1003
7299
1428
1930
765
161
5646
4643
2008
8205
6673
4728
5537
4602
9254
1261
7687
1237
6907
9569
3758
2407
3386
8138
6382
3622
2712
8125
8436
6736
6213
7744
1981
8533
9517
2397
2091
5021
2148
6674
9872
3170
443
5069
6694
5561
5916
413
9790
4112
9832
7464
2492
7503
3071
6088
1595
9514
9179
9401
9587
5535
7561
4766
6355
2426
9902
5289
2239
6502
1363
1841
7586
1540
2887
777
3409
504
1707
3234
6405
2675
8817
1325
385
7376
8847
2922
3215
4816
2682
5531
644
3070
6144
2724
2943
5421
9800
9147
4903
7556
4222
6978
6522
4383
9019
2067
2487
1621
9775
4488
6573
2349
2568
886
4667
9161
7593
2670
5436
3701
666
8875
4134
7792
6410
2916
9057
5382
2605
8265
8729
2479
6110
6023
7082
3006
7716
2371
9162
815
8704
5667
494
5327
8526
3883
8007
5481
4808
9865
3945
3356
5730
3552
3127
420
9844
1649
7413
120
3917
4325
2918
2060
1247
3283
4608
5045
2105
10000
6583
8946
9835
4200
6456
6692
1000
6212
7285
2570
7359
2395
2125
2718
5103
742
5070
7353
430
1395
6575
4724
9848
433
679
2451
3652
1286
662
7768
9244
2356
8830
4936
1566
6113
2581
9826
2437
4801
9253
8102
8037
2025
8776
9153
3284
4430
7557
4292
2427
4613
5402
3449
4878
3766
1867
827
484
1756
3498
3260
2482
4070
6417
6288
2611
1671
598
3320
5624
1890
3661
3571
5833
2033
8278
342
8235
4496
9578
473
5500
6725
8008
4626
696
9037
5326
6351
2629
5280
72
3252
6825
5038
9400
8367
5109
9270
9940
4075
3860
9906
3360
1985
3971
773
5304
9199
6733
2788
8858
1753
4223
242
5374
5628
9568
1430
9361
7604
3173
7901
5728
2262
5957
4852
487
49
5709
1263
2994
4352
78
1065
2116
6501
794
7119
1322
8155
1521
3490
6835
8335
1575
1048
8635
9377
4287
1803
6908
4835
8933
456
829
9829
6651
8369
7261
8198
2615
2457
9655
2622
4467
454
5456
8169
3191
2641
1185
524
717
9251
4215
4318
4749
828
175
2352
3755
695
7502
8157
3523
8906
1836
6765
4604
4859
6816
9265
9781
6188
4601
1252
5902
6672
782
7536
4502
3913
5465
134
6268
1789
3729
2971
4405
268
6689
3828
4554
1964
6436
2215
5316
1683
2084
7151
1593
2795
1523
506
1895
1935
9797
1177
3681
7997
2660
8711
4460
9286
4041
2885
3795
6345
2717
3357
8151
5769
197
4548
3433
5848
5739
8992
7173
4299
592
401
2410
457
2098
4142
9807
2396
1832
3749
9289
719
1398
8159
3656
9017
105
800
5199
2751
4974
5565
4937
31
1633
3513
9102
8725
2154
302
726
4971
1264
5251
2268
1342
4482
5114
5060
7174
7321
145
8359
2549
5384
3499
8891
3254
4264
3561
6372
8344
1759
1745
4255
5811
6676
5390
864
4794
3740
5520
8334
9785
6476
1387
4160
928
9760
8093
6226
2785
5100
8346
1574
7782
4885
9776
7184
8667
7479
2556
8585
1994
2343
6138
1763
5939
570
5356
5878
374
713
9022
2223
4190
4888
649
4182
6665
4033
3734
1114
7265
3300
1061
2995
7772
1824
6655
838
9647
2514
6326
6137
8015
7105
6590
2608
2929
2141
4641
1053
1819
9900
1198
5959
1823
2106
5557
7039
9685
4719
7958
6330
1326
2542
4031
2292
3286
7278
5458
9766
9606
6538
5637
1514
2782
6686
9891
801
9652
8866
52
2452
7328
803
7641
4899
4455
3782
6784
7348
1564
1740
4074
2013
6916
7810
7233
3590
4692
2390
6642
4651
1408
9937
7660
9452
7598
7741
5796
8389
387
3689
6511
4101
3021
4261
2448
304
9962
3915
2001
949
7703
425
1170
5084
8467
9610
5656
55
942
3430
496
8348
5297
4920
5434
9108
153
9473
3531
450
5768
4206
1978
3242
2234
8690
1581
2311
1887
5042
2070
3118
1800
7079
6085
5146
1267
991
2297
5955
7980
3399
9073
5453
4345
2285
2381
1148
2102
9383
8698
4575
3377
8686
7476
4302
39
1952
513
2731
4540
2535
734
1600
4518
2993
8343
4048
6205
5209
9598
8296
2222
1660
6002
1995
3385
1142
4541
1860
5949
4260
9331
6307
6728
1272
3206
7381
8340
1828
9838
9427
7868
9964
2185
319
9763
927
2278
7274
4231
8592
8230
9538
5124
1102
940
3268
3903
6619
1433
2919
8294
1549
9877
9631
2216
6824
712
2989
2777
6438
9802
704
2650
7682
6049
4674
718
1077
2865
6527
1899
9174
2823
9010
7791
8190
1010
6155
477
1638
2375
9537
6889
8722
3864
7330
1965
9853
8284
4393
9634
5575
2350
7287
1380
9479
1445
6661
6119
8769
6519
8743
7859
1739
4483
9322
1653
770
883
7671
9201
4560
8402
4569
2558
3045
6415
7323
1775
3920
6621
4193
2428
277
2990
689
9320
2266
7614
7548
3614
9390
1632
1377
5125
1128
503
317
6631
7493
4656
9899
5981
4606
1977
3482
6333
4639
7616
8272
8910
8882
2197
2859
4361
2509
2996
7065
5254
4561
1990
115
7996
641
9922
2115
2179
5732
3826
9101
4614
4436
4039
8708
5995
631
5745
8531
702
7127
6598
1210
402
3132
577
2657
5215
6653
1950
8413
8577
1662
1612
9509
1799
4999
472
3970
211
4963
7491
1166
648
5344
5665
241
3549
8887
3769
8286
5529
5829
3774
8184
6636
7742
1339
727
3364
9242
9023
8106
7411
2472
3880
2441
4776
1601
344
6810
7324
5851
3413
9205
4679
2827
2845
7000
9178
7529
2172
1108
7655
2471
502
2587
8718
9663
7253
4364
6010
8123
6535
3032
1596
1068
258
4234
3736
4403
2497
8925
1165
455
9571
5460
7569
548
9154
1613
7374
1908
989
9100
9518
4812
4080
2953
8913
4103
1220
7216
6376
3100
1251
2519
2453
5219
9195
5158
3789
1258
892
6506
3648
3911
7391
190
4640
7891
5997
6007
8328
6434
8181
3422
7095
3601
3873
1664
1750
6853
1701
3595
2005
4392
1215
4038
332
7333
4718
9415
6352
5168
8728
3078
6240
2133
6385
4076
427
7945
3527
8149
590
1961
9811
2752
5259
5775
8893
9364
8627
9905
3710
1655
4683
536
948
3743
6146
9354
7966
7160
6170
6036
2748
5621
7089
4625
3387
5490
4498
9443
5357
2081
4471
531
9299
2539
3312
4955
5821
881
4153
2470
4495
5883
7033
1498
1029
4708
5588
1346
4148
8271
8578
1893
2911
4910
1147
8907
1362
5241
1868
3519
3647
5266
2623
5068
3088
7291
832
6255
1500
748
5285
6183
4581
6991
6727
2355
3187
8066
8809
3861
2078
8835
9471
634
3010
7646
2026
8783
9513
7313
1451
1283
4504
7959
1439
3406
1441
4611
7762
2243
8017
8544
370
4781
4138
810
9189
3086
4633
5298
6484
4523
3576
446
8523
2907
497
931
4094
2261
3987
4662
4086
6624
3023
9621
7073
2436
6995
5117
5118
1679
1719
3076
515
87
1851
1784
7235
7486
5174
6230
7751
2986
663
8631
4717
589
925
7093
9276
2817
8189
703
6829
9985
6409
9728
638
5246
3349
1313
2331
8392
543
7758
378
7362
9689
8281
3281
2346
3973
3099
2589
7045
6757
2485
4365
7419
3314
4428
8482
8095
3502
266
9673
2119
1603
6568
2230
2764
6885
518
2467
1768
5890
7871
4738
6800
3879
6428
903
6293
6888
4229
6962
2866
6439
8287
9282
5310
2151
6073
8765
1927
198
1468
2896
8122
3882
4825
414
9337
2799
9159
6541
4585
7007
8003
7251
7296
7346
2610
245
3692
1452
619
7925
1680
5370
8851
2054
9402
4432
6593
390
9126
8658
2597
3027
4763
1947
3586
2236
7849
7714
8407
9393
3907
1512
3771
693
8179
7913
7570
3556
1040
5406
932
7012
2544
3367
816
5120
1516
4709
6441
2647
7094
4469
5613
9026
9907
3881
8566
9938
373
7350
5044
8679
426
7250
6267
4296
2754
6431
6182
4178
1889
8363
9014
2326
933
1023
3575
7433
361
1894
7824
7470
8556
124
3155
9566
9356
6554
5409
7254
8808
8136
3858
4167
7607
3616
2079
6392
916
1370
152
2024
6848
834
4811
4476
5888
428
1432
3655
1637
2144
4666
125
3790
2732
3209
9029
2338
967
7389
9110
3116
4201
5161
8298
3204
4159
2617
8209
9262
1859
6739
2791
3717
3822
8998
584
544
1211
610
947
4610
2889
9317
7454
6215
7430
5900
4769
7836
5422
3511
3924
9003
3926
4624
6726
4682
3630
4676
331
5290
5139
2316
8541
96
20
1718
9823
3956
938
2379
6261
5263
9442
6481
364
3034
6817
9890
3096
8821
3057
7563
3950
9640
6854
6052
7508
9855
1188
6837
8867
2786
6005
1150
7124
383
9630
1138
1625
6437
4254
486
8758
3271
1790
8520
7675
4917
7573
2270
3468
1510
1115
9069
1271
5106
212
2201
8013
216
9878
3341
7259
8931
3554
9774
6091
5777
509
7080
3791
1063
1031
47
4172
8580
6285
7458
9074
9285
8145
1948
7803
6140
977
2057
891
2021
2701
1189
1767
1174
7933
5943
3348
8394
1501
2928
8449
8700
7815
2020
4183
8027
1834
1039
736
