284
436
262
861
223
953
355
558
196
229
407
273
85
574
102
569
122
1
3
432
782
766
664
811
283
534
517
184
254
119
495
885
514
118
900
602
845
825
898
813
975
511
516
978
519
884
440
751
867
334
397
897
715
266
674
671
109
164
874
317
460
740
539
718
437
124
943
129
247
451
806
477
335
210
201
974
424
654
168
959
999
571
178
902
726
542
551
901
466
405
683
70
195
94
193
245
250
58
37
770
465
887
48
617
474
792
595
248
303
142
513
938
384
42
756
479
320
850
67
601
630
90
349
264
226
851
862
692
256
149
835
591
130
470
484
296
541
481
64
314
337
215
603
668
114
773
133
372
691
908
40
439
421
921
869
289
268
292
748
30
44
321
666
173
920
687
505
723
914
444
883
152
673
916
53
221
888
238
693
882
426
356
25
27
137
104
197
370
776
738
213
647
199
438
635
814
905
116
188
988
87
717
206
383
237
329
958
607
980
893
615
360
471
108
670
84
881
36
524
181
926
932
652
895
794
180
853
735
870
663
923
757
531
167
489
568
23
148
138
520
14
727
659
121
125
680
318
163
928
347
362
68
497
131
560
225
822
526
843
319
198
780
359
160
963
739
941
65
969
504
354
475
348
616
234
592
698
990
93
598
77
543
545
45
986
214
949
981
158
506
812
873
468
29
706
4
115
8
956
665
485
365
217
286
935
469
166
911
711
244
707
987
339
697
81
764
494
837
714
952
433
904
567
605
662
259
462
141
97
796
235
288
528
69
675
801
290
306
218
636
852
203
461
800
388
967
940
369
411
344
933
255
454
278
704
182
422
705
105
880
49
60
552
212
614
538
840
624
313
996
302
604
548
549
447
459
236
445
550
667
722
307
749
573
866
848
326
271
71
159
700
241
257
865
298
626
642
797
946
631
785
287
787
204
672
499
398
791
382
127
899
973
540
177
857
832
836
578
330
92
309
147
391
157
110
677
322
934
78
59
912
618
75
380
186
463
842
994
507
769
363
745
613
577
633
207
456
576
585
619
493
747
565
351
936
807
423
768
763
399
821
310
429
371
364
101
786
508
381
261
820
325
804
416
906
126
876
150
123
9
434
480
566
829
661
954
263
280
784
937
492
824
498
643
389
877
457
51
99
977
472
328
38
645
1000
972
915
623
546
686
111
295
922
795
510
965
858
216
312
39
378
564
323
886
346
651
620
155
205
557
393
476
871
563
50
2
809
162
340
690
676
971
28
209
826
502
230
57
632
701
54
402
710
96
547
761
694
458
400
830
425
815
450
176
403
43
249
742
553
892
989
242
827
103
192
641
755
252
634
746
16
962
20
417
679
525
758
724
379
190
561
10
536
165
446
353
483
171
338
863
194
606
976
420
227
931
276
734
868
246
729
293
968
83
24
639
224
655
418
753
300
831
503
621
336
106
487
366
501
464
875
713
925
522
117
889
449
586
823
21
34
112
849
120
533
593
709
879
995
966
98
35
368
134
725
17
430
187
415
285
222
270
960
798
91
135
658
240
22
944
991
997
856
720
760
488
778
89
610
744
100
855
55
179
653
202
599
191
771
95
175
332
183
452
357
6
819
802
56
482
13
269
527
721
387
660
327
72
373
331
392
872
579
345
251
649
839
581
772
15
63
442
358
924
305
589
927
515
161
396
910
998
859
646
408
597
732
428
413
939
600
448
46
930
942
275
274
139
478
361
153
728
878
719
559
903
834
414
530
844
377
341
783
435
955
695
136
736
151
395
918
950
297
509
32
699
144
890
678
575
929
128
544
596
500
810
808
730
750
894
983
781
854
535
838
919
685
625
443
26
343
993
644
367
404
774
681
716
79
979
752
554
132
233
612
521
583
803
279
441
767
689
324
657
146
743
277
107
682
258
523
185
219
891
172
611
243
376
73
762
805
491
627
712
648
291
375
352
590
374
47
907
759
532
5
301
779
304
638
11
608
841
342
406
253
582
427
52
864
76
788
267
817
174
82
12
62
733
154
145
828
66
703
232
419
260
684
896
401
708
31
917
239
529
961
265
350
945
496
609
650
200
637
816
737
86
220
640
948
594
570
228
518
984
951
741
410
775
562
61
412
282
992
588
555
512
170
777
311
189
208
587
957
231
299
985
628
793
622
294
74
860
431
80
629
765
88
7
833
580
702
385
964
467
696
409
790
113
140
272
18
970
316
315
33
846
584
333
754
386
281
211
156
473
455
143
731
913
656
669
394
19
818
789
41
947
799
556
537
490
453
308
688
982
169
486
909
847
572
390
